   0.0000000e+00   0.0000000e+00   0.0000000e+00
   7.0710678e+00   2.1660678e+00   1.0000000e+00
   1.4142136e+01  -5.4778644e+00   2.0000000e+00
   2.1213203e+01  -2.2931797e+01   3.0000000e+00
   2.8284271e+01  -5.0195729e+01   4.0000000e+00
   3.5355339e+01  -8.7269661e+01   5.0000000e+00
   4.2426407e+01  -1.3415359e+02   6.0000000e+00
   4.9497475e+01  -1.9084753e+02   7.0000000e+00
   5.6568542e+01  -2.5735146e+02   8.0000000e+00
   6.3639610e+01  -3.3366539e+02   9.0000000e+00
   7.0710678e+01  -4.1978932e+02   1.0000000e+01
   7.7781746e+01  -5.1572325e+02   1.1000000e+01
   8.4852814e+01  -6.2146719e+02   1.2000000e+01
   9.1923882e+01  -7.3702112e+02   1.3000000e+01
   9.8994949e+01  -8.6238505e+02   1.4000000e+01
   1.0606602e+02  -9.9755898e+02   1.5000000e+01
   1.1313708e+02  -1.1425429e+03   1.6000000e+01
   1.2020815e+02  -1.2973368e+03   1.7000000e+01
   1.2727922e+02  -1.4619408e+03   1.8000000e+01
   1.3435029e+02  -1.6363547e+03   1.9000000e+01
   1.4142136e+02  -1.8205786e+03   2.0000000e+01
   1.4849242e+02  -2.0146126e+03   2.1000000e+01
   1.5556349e+02  -2.2184565e+03   2.2000000e+01
   1.6263456e+02  -2.4321104e+03   2.3000000e+01
   1.6970563e+02  -2.6555744e+03   2.4000000e+01
   1.7677670e+02  -2.8888483e+03   2.5000000e+01
   1.8384776e+02  -3.1319322e+03   2.6000000e+01
   1.9091883e+02  -3.3848262e+03   2.7000000e+01
   1.9798990e+02  -3.6475301e+03   2.8000000e+01
   2.0506097e+02  -3.9200440e+03   2.9000000e+01
   2.1213203e+02  -4.2023680e+03   3.0000000e+01
   2.1920310e+02  -4.4945019e+03   3.1000000e+01
   2.2627417e+02  -4.7964458e+03   3.2000000e+01
   2.3334524e+02  -5.1081998e+03   3.3000000e+01
   2.4041631e+02  -5.4297637e+03   3.4000000e+01
   2.4748737e+02  -5.7611376e+03   3.5000000e+01
   2.5455844e+02  -6.1023216e+03   3.6000000e+01
   2.6162951e+02  -6.4533155e+03   3.7000000e+01
   2.6870058e+02  -6.8141194e+03   3.8000000e+01
   2.7577164e+02  -7.1847334e+03   3.9000000e+01
   2.8284271e+02  -7.5651573e+03   4.0000000e+01
   2.8991378e+02  -7.9553912e+03   4.1000000e+01
   2.9698485e+02  -8.3554352e+03   4.2000000e+01
   3.0405592e+02  -8.7652891e+03   4.3000000e+01
   3.1112698e+02  -9.1849530e+03   4.4000000e+01
   3.1819805e+02  -9.6144269e+03   4.5000000e+01
   3.2526912e+02  -1.0053711e+04   4.6000000e+01
   3.3234019e+02  -1.0502805e+04   4.7000000e+01
   3.3941125e+02  -1.0961709e+04   4.8000000e+01
   3.4648232e+02  -1.1430423e+04   4.9000000e+01
   3.5355339e+02  -1.1908947e+04   5.0000000e+01
   3.6062446e+02  -1.2397281e+04   5.1000000e+01
   3.6769553e+02  -1.2895424e+04   5.2000000e+01
   3.7476659e+02  -1.3403378e+04   5.3000000e+01
   3.8183766e+02  -1.3921142e+04   5.4000000e+01
   3.8890873e+02  -1.4448716e+04   5.5000000e+01
   3.9597980e+02  -1.4986100e+04   5.6000000e+01
   4.0305087e+02  -1.5533294e+04   5.7000000e+01
   4.1012193e+02  -1.6090298e+04   5.8000000e+01
   4.1719300e+02  -1.6657112e+04   5.9000000e+01
   4.2426407e+02  -1.7233736e+04   6.0000000e+01
   4.3133514e+02  -1.7820170e+04   6.1000000e+01
   4.3840620e+02  -1.8416414e+04   6.2000000e+01
   4.4547727e+02  -1.9022468e+04   6.3000000e+01
   4.5254834e+02  -1.9638332e+04   6.4000000e+01
   4.5961941e+02  -2.0264006e+04   6.5000000e+01
   4.6669048e+02  -2.0899490e+04   6.6000000e+01
   4.7376154e+02  -2.1544783e+04   6.7000000e+01
   4.8083261e+02  -2.2199887e+04   6.8000000e+01
   4.8790368e+02  -2.2864801e+04   6.9000000e+01
   4.9497475e+02  -2.3539525e+04   7.0000000e+01
   5.0204581e+02  -2.4224059e+04   7.1000000e+01
   5.0911688e+02  -2.4918403e+04   7.2000000e+01
   5.1618795e+02  -2.5622557e+04   7.3000000e+01
   5.2325902e+02  -2.6336521e+04   7.4000000e+01
   5.3033009e+02  -2.7060295e+04   7.5000000e+01
   5.3740115e+02  -2.7793879e+04   7.6000000e+01
   5.4447222e+02  -2.8537273e+04   7.7000000e+01
   5.5154329e+02  -2.9290477e+04   7.8000000e+01
   5.5861436e+02  -3.0053491e+04   7.9000000e+01
   5.6568542e+02  -3.0826315e+04   8.0000000e+01
   5.7275649e+02  -3.1608949e+04   8.1000000e+01
   5.7982756e+02  -3.2401392e+04   8.2000000e+01
   5.8689863e+02  -3.3203646e+04   8.3000000e+01
   5.9396970e+02  -3.4015710e+04   8.4000000e+01
   6.0104076e+02  -3.4837584e+04   8.5000000e+01
   6.0811183e+02  -3.5669268e+04   8.6000000e+01
   6.1518290e+02  -3.6510762e+04   8.7000000e+01
   6.2225397e+02  -3.7362066e+04   8.8000000e+01
   6.2932504e+02  -3.8223180e+04   8.9000000e+01
   6.3639610e+02  -3.9094104e+04   9.0000000e+01
   6.4346717e+02  -3.9974838e+04   9.1000000e+01
   6.5053824e+02  -4.0865382e+04   9.2000000e+01
   6.5760931e+02  -4.1765736e+04   9.3000000e+01
   6.6468037e+02  -4.2675900e+04   9.4000000e+01
   6.7175144e+02  -4.3595874e+04   9.5000000e+01
   6.7882251e+02  -4.4525657e+04   9.6000000e+01
   6.8589358e+02  -4.5465251e+04   9.7000000e+01
   6.9296465e+02  -4.6414655e+04   9.8000000e+01
   7.0003571e+02  -4.7373869e+04   9.9000000e+01
   7.0710678e+02  -4.8342893e+04   1.0000000e+02
