   7.8650834e+00   6.2654339e+00   6.0532783e+00   4.3170720e+00   5.4307248e+00
   7.6771910e+00   6.9133625e+00   9.6445171e+00   6.4840741e+00   6.7703445e+00
   7.0517863e+00   3.8306058e+00   4.9424487e+00   5.3438391e+00   2.8777865e+00
   7.2075346e+00   2.6530127e+00   9.8110215e-01   1.8885439e+00   2.5445406e+00
   7.6240642e+00   6.1901760e+00   2.9892780e+00   4.5393891e+00   3.1730907e-01
   2.9125531e+00   2.8152572e+00   3.3721128e+00   3.3737453e+00   7.1866316e+00
   8.1207758e+00   5.4357206e+00   3.1663219e+00   6.8447061e+00   6.4271474e+00
   6.0795176e+00   7.2555949e+00   4.4708523e+00   3.7485857e+00   5.4397258e+00
   6.8175725e+00   3.0398014e+00   9.9714460e+00   4.5433054e+00   2.6123942e+00
   7.1778870e+00   6.3867526e+00   1.4753932e+00   5.5502763e+00   6.0732712e+00
   7.5686736e+00   5.6440897e+00   8.5460416e+00   7.6462438e+00   8.9812044e+00
   7.1018149e+00   3.3093831e+00   6.5296857e+00   8.4521717e+00   8.6101029e+00
   2.4123789e+00   2.6147896e+00   7.7996829e+00   6.0982410e+00   9.8072478e+00
   6.8520189e+00   3.3233295e+00   5.7935133e-01   7.7795586e+00   9.3973696e+00
   6.4019943e+00   3.0767876e+00   8.1305756e+00   9.5948293e+00   2.9479898e+00
   6.7527050e+00   7.1161729e+00   2.4469362e+00   5.2066549e+00   8.6623490e+00
   6.9251656e+00   6.4517040e+00   5.9038497e+00   2.5864304e+00   7.5986881e+00
   5.9805605e+00   6.5716401e+00   8.1535655e+00   9.0838878e+00   8.2662151e+00
   7.1324704e+00   7.2155823e+00   6.2048800e+00   6.1560068e+00   2.2404514e+00
   6.4719082e+00   7.1479898e+00   2.8971729e+00   7.3184579e+00   1.8825626e+00
   6.8974283e+00   3.6569250e+00   6.9698940e-01   3.0796836e-02   5.9748412e+00
   6.6849450e+00   2.6449954e+00   5.8979375e+00   4.3161476e-01   6.6762536e+00
   3.0235450e+00   3.9214997e+00   1.9818548e+00   1.4198501e+00   5.6516270e+00
   4.6523478e+00   3.6457342e+00   1.7012868e+00   7.8000333e+00   2.7209152e+00
   3.1418306e+00   4.0641125e+00   4.8229734e+00   6.2182212e+00   1.9080063e+00
   2.8554239e+00   3.1068264e+00   4.1316803e+00   2.2632922e+00   5.9593152e+00
   6.5564389e+00   4.0153613e+00   5.8508142e+00   3.6285108e+00   2.5785854e+00
   2.9542532e+00   2.2916358e+00   7.9013462e-01   7.9924992e+00   7.0576466e+00
   8.6765221e+00   1.3420543e+00   4.0942968e+00   2.4934819e+00   1.4529074e+00
   8.0139945e+00   7.3336144e+00   9.2402771e+00   8.2685354e-01   1.4806123e+00
   6.1795847e+00   6.9061479e+00   5.6037956e-02   8.0384131e+00   6.3027033e+00
   6.9501900e+00   6.2776176e+00   3.1648978e+00   1.6379955e+00   1.6116002e+00
   2.7731897e+00   2.5918162e+00   2.6638405e+00   5.2617446e+00   2.4999364e-01
   7.2597871e+00   7.4455405e+00   9.6081463e-01   7.8477621e-01   9.6829640e+00
   2.4861822e+00   2.7550680e+00   8.6004488e+00   2.1529272e+00   8.4700931e-01
   7.4633896e+00   2.2727265e+00   7.3992924e+00   2.3986235e+00   1.8211441e+00
   3.0768450e+00   2.9004953e+00   6.0163981e+00   3.4250782e+00   5.5354101e-01
   3.1895687e+00   4.3062782e+00   5.4875961e+00   6.5051745e+00   2.9738054e+00
   8.0560246e+00   7.0581915e+00   4.9171304e+00   2.6234175e+00   8.2938041e+00
   1.8504423e+00   3.6645717e+00   4.5508813e+00   9.5609861e+00   4.1225871e+00
   7.4510543e+00   6.3034329e+00   8.2053211e+00   8.4277284e+00   1.3566184e+00
   7.2746577e+00   6.6077084e+00   8.1011456e+00   4.1054618e+00   3.3922279e+00
   8.7374278e+00   6.7639893e+00   8.0106782e+00   1.5101886e+00   8.4575036e+00
   6.6370514e+00   3.3744915e+00   1.7384601e+00   7.8617748e+00   6.4999456e+00
   7.1304962e+00   3.4226829e+00   3.3969469e+00   1.0907978e+00   2.1400901e-03
   1.8059703e+00   3.7334063e+00   5.6139002e+00   3.9609580e-01   7.9996224e+00
   6.5079154e+00   3.2914656e+00   2.7714137e+00   4.1161050e+00   8.4776581e+00
   5.1454529e+00   7.1782145e+00   5.3935124e-01   3.7594476e+00   1.9629824e+00
   7.3456935e+00   6.4209479e+00   3.5610117e+00   4.5602929e-01   1.5992374e+00
   6.5323874e+00   3.3698839e+00   4.9955220e-01   8.0419322e+00   5.0959056e+00
   2.3324737e+00   5.1019268e+00   2.7186043e+00   6.7635443e+00   7.4054127e+00
   5.9937910e+00   3.7942194e+00   2.7874852e+00   3.9580736e+00   6.7803297e+00
   2.7912877e+00   3.2614898e+00   8.0206070e+00   7.1379552e+00   5.4335282e+00
   6.6021480e+00   2.5058980e+00   5.4555043e+00   5.3708877e+00   1.6869385e-01
   2.9153508e+00   3.3968237e+00   6.2375717e+00   3.6309755e-01   9.2081061e+00
   7.1526502e+00   6.5964234e+00   9.9077514e+00   5.4291040e+00   5.6720394e+00
   6.5799196e+00   2.1207677e+00   2.1750708e+00   4.1201629e+00   8.4167483e+00
   2.7118777e+00   3.4864560e+00   7.4685795e+00   5.9789279e+00   7.5351386e+00
   7.2994581e+00   3.6769677e+00   3.6850834e+00   5.9981159e+00   1.3257356e+00
   6.9777525e+00   7.7258682e+00   5.5623106e+00   4.7177792e+00   9.4471508e+00
   8.4265645e+00   5.6106294e+00   9.3625667e+00   9.4592195e+00   9.4364622e+00
   7.9557550e+00   2.3754057e+00   9.8645950e+00   7.7166371e+00   3.1183849e+00
   8.1774919e+00   6.8352390e+00   1.3123374e+00   1.3251277e+00   3.3817722e+00
   3.3668539e+00   2.3517152e+00   2.8151815e+00   1.7674166e+00   9.7064995e+00
   6.5490355e+00   3.5409494e+00   7.9299355e+00   8.4097499e+00   3.5142552e-02
   6.2520501e+00   7.6259382e+00   4.4838972e+00   1.8316271e+00   5.4759092e+00
   3.0943478e+00   3.8744441e+00   7.6499419e+00   6.3219492e+00   2.9590545e+00
   7.5278578e+00   2.4234444e+00   1.2434408e-01   4.3995228e+00   2.3133579e+00
   6.0766849e+00   3.6647950e+00   2.6628121e+00   7.3922211e+00   6.6000082e+00
   6.3979533e+00   2.7624866e+00   5.6660681e+00   7.1350419e+00   5.0886834e+00
   2.2074812e+00   3.3772602e+00   9.0061057e+00   6.7018230e+00   5.1307641e+00
   2.7425673e+00   2.6057395e+00   8.9948040e+00   9.6680226e+00   5.8490233e+00
   7.0746398e+00   2.4950760e+00   7.3452379e+00   2.3335519e+00   2.0505037e-01
   2.5608715e+00   3.7233425e+00   3.5042729e-01   9.6853256e+00   4.5717359e+00
   7.5728022e+00   2.7380724e+00   5.4892326e+00   4.7715988e+00   2.1363462e+00
   1.9318283e+00   4.1919038e+00   5.6149015e+00   5.5045891e+00   9.5581029e+00
   2.9120361e+00   3.3801768e+00   5.6370000e+00   3.7487632e+00   7.9214042e+00
   5.8792613e+00   7.2160632e+00   7.3392834e-02   8.0478424e-01   8.5603573e+00
   2.4866214e+00   2.6058043e+00   7.0278970e+00   5.5106150e+00   6.7007809e+00
   6.9632948e+00   6.9524291e+00   3.2565014e+00   3.8782559e+00   8.7336082e+00
   6.1469166e+00   2.9670540e+00   7.1588667e+00   7.8896814e+00   5.6086853e+00
   1.3143376e+00   4.5392247e+00   4.6815617e+00   3.0777946e+00   3.8118734e+00
   2.1573699e+00   4.4608346e+00   1.8028147e+00   7.2675680e+00   2.5996798e+00
   5.6872252e+00   4.4445737e+00   1.9179180e+00   7.0397377e+00   9.1992507e-01
   6.8561140e+00   3.2366489e+00   3.1506752e+00   8.6566576e+00   7.2966496e+00
   7.5520043e+00   4.0527040e+00   6.9814401e-01   1.9586352e+00   5.8710038e+00
   6.9169493e+00   7.7608162e+00   3.5425916e+00   4.3149450e+00   9.1542175e+00
   7.1632075e+00   2.6987129e+00   4.7348628e+00   6.4843326e+00   7.2885559e+00
   3.9801549e+00   3.3155549e+00   3.8737905e+00   5.1852077e+00   1.9418418e+00
   6.6702922e+00   3.3038070e+00   1.1701111e+00   1.8486957e+00   3.7972189e+00
   2.6847835e+00   2.9376216e+00   6.3765857e+00   7.8801861e+00   6.0785173e+00
   8.0639403e+00   6.9121411e+00   9.5367315e+00   9.5806484e+00   8.2309502e+00
   2.9207726e+00   4.1575034e+00   4.6073658e+00   9.6353084e+00   5.7945623e-01
   7.7329528e+00   2.7128919e+00   6.7440989e-01   4.6071989e+00   1.6752374e+00
   6.9980309e+00   5.3894873e+00   6.4900247e+00   5.4073516e-01   2.4785476e+00
   6.0984863e+00   7.0357699e+00   3.2480551e+00   9.2354287e+00   1.5698812e-02
   3.2327362e+00   2.3287431e+00   7.9959959e+00   7.7223188e-01   2.7935136e+00
   5.7137134e+00   4.8032141e+00   6.7197162e+00   3.6707956e+00   2.0511169e+00
   6.5958453e+00   8.2869111e+00   5.4249184e+00   2.6509538e-01   9.3766791e+00
   7.2052327e+00   3.8407463e+00   1.3072078e+00   2.2704575e+00   2.4163380e-01
   6.9618895e+00   3.7582755e+00   6.4185925e-01   1.4752869e+00   8.1837624e+00
   6.9633905e+00   7.6056991e+00   2.6529545e+00   3.6071275e+00   5.4967925e+00
   2.8961380e+00   3.0436129e+00   3.8279832e+00   3.8333894e+00   1.7304689e+00
   1.7899876e+00   3.5755182e+00   4.4790980e+00   9.8426525e+00   7.2146833e-01
   7.1190422e+00   3.4120207e+00   9.0976605e+00   1.9241446e+00   2.0456685e+00
   7.7769615e+00   3.5048312e+00   5.2070386e+00   1.5159520e+00   5.2197020e+00
   2.8925156e+00   3.3613433e+00   6.1743091e+00   6.8910819e+00   3.5627182e-01
   6.1767127e+00   7.1526591e+00   6.8972745e+00   1.1141929e+00   6.2598673e-01
   3.2387744e+00   2.4748144e+00   4.7386746e+00   5.8187057e+00   1.1046153e+00
   7.1399795e+00   6.5801745e+00   6.3149491e+00   5.2940354e+00   9.3392413e+00
   2.9674238e+00   2.0849187e+00   3.4294670e+00   5.2330478e+00   1.3189307e+00
   7.5667471e+00   6.3020972e+00   4.5693739e+00   3.1178051e+00   2.0621438e+00
   3.0015727e+00   3.2572067e+00   4.3692284e+00   4.4726641e-01   3.8979439e+00
   3.2288603e+00   2.9525948e+00   7.3882287e+00   4.1311829e+00   9.5225907e+00
   3.0592631e+00   3.7733136e+00   1.6902708e+00   9.0659995e+00   3.6748318e+00
   7.8462013e+00   3.3594078e+00   3.4233166e+00   3.1778735e+00   7.6694771e+00
   8.2779760e+00   6.4359873e+00   5.7523924e+00   7.1485962e+00   2.4869795e+00
   5.1156029e+00   3.5195129e+00   3.9691179e-01   6.3905412e+00   8.8982367e+00
   7.5806422e+00   7.7185119e+00   2.4968946e+00   5.6496001e+00   1.3910878e+00
   7.5845950e+00   8.2780720e+00   5.7801922e+00   8.2770513e+00   2.6299804e+00
   6.9147585e+00   2.2400489e+00   1.5696160e+00   9.2669284e+00   5.2154496e+00
   7.3318412e+00   3.1055218e+00   5.9993825e+00   4.4070994e+00   2.4781006e+00
   7.5106914e+00   7.1376997e+00   5.8880511e+00   3.9672888e-01   4.1848435e+00
   6.4425611e+00   3.1743376e+00   7.2786795e+00   3.5852238e+00   1.8168523e+00
   3.1396450e+00   3.2318787e+00   6.5480770e+00   4.2262710e+00   8.2609037e+00
   3.8197247e+00   3.7448239e+00   6.5146704e+00   7.5035266e+00   3.2755923e+00
   7.0091396e+00   2.7976839e+00   2.9828819e+00   1.4766606e+00   5.6967754e+00
   2.9750023e+00   2.2430665e+00   9.6943395e+00   2.7663731e+00   8.4184543e+00
   3.6961182e+00   3.9276657e+00   5.9940941e-01   2.8396009e+00   9.9161605e+00
   3.9070858e+00   2.5047722e+00   8.1828132e+00   1.2961779e+00   5.5627710e-01
   4.5104818e+00   3.7334228e+00   4.5566679e-01   1.8016275e+00   2.6359072e+00
   6.9008443e+00   3.0937353e+00   3.0519919e+00   5.0710983e+00   4.4354082e-01
   3.1569977e+00   2.9692302e+00   5.4022367e+00   5.0690463e+00   6.1508557e-02
   8.3099062e+00   5.7666080e+00   4.5900397e+00   5.8696633e+00   3.7645700e+00
   8.1076039e+00   6.6500997e+00   8.1982630e+00   1.3389119e+00   8.2720885e+00
   7.2942873e+00   6.4908692e+00   1.0634810e+00   7.1085135e-01   2.9493853e-01
   6.7115730e+00   3.0112552e+00   3.6622253e+00   3.5256092e+00   7.6652578e+00
   7.3310938e+00   7.4976003e+00   4.8487711e-01   2.1488908e-01   1.8191106e+00
   2.0007567e+00   4.0833771e+00   2.4042370e+00   6.2283074e+00   1.4916353e-01
   2.2758434e+00   3.5522923e+00   7.2831388e+00   7.7205322e+00   1.0375922e+00
   2.1570226e+00   3.7278683e+00   8.3558836e+00   5.8597953e+00   8.2648387e+00
   3.4757027e+00   2.6539519e+00   6.5174013e+00   3.6743306e-01   5.1992543e+00
   6.6250225e+00   6.7287831e+00   5.6569885e+00   4.5856251e+00   2.5071849e+00
   6.4482581e+00   6.3906216e+00   1.1507102e+00   5.2800059e+00   1.8014589e+00
   7.1058311e+00   4.0970447e+00   7.3107330e+00   7.4050931e-01   6.6510225e+00
   6.8689039e+00   2.9350781e+00   6.4706148e+00   4.7000862e+00   9.1545488e+00
   7.1362282e+00   6.5237384e+00   8.5228736e+00   8.9578865e+00   1.5240863e+00
   7.4270472e+00   5.9597487e+00   6.2249397e+00   8.1675565e+00   7.0777928e+00
   7.1321521e+00   3.2501216e+00   5.7459143e+00   5.2733424e+00   6.0116510e+00
   7.2976554e+00   3.6841823e+00   5.4334300e+00   3.9957263e-01   4.6385953e+00
