 6.5167390e+00   6.7817095e-01   9.8826887e+00   3.8229464e+00   3.3805686e+00
   6.7274855e+00   4.9258156e+00   3.5086674e+00   2.5652936e+00   9.4240627e+00
   6.6859038e+00   8.8504915e+00   7.4797638e+00   3.9270762e+00   8.1478907e+00
   7.6143321e+00   5.4291568e-01   5.9292094e+00   3.5565214e+00   7.5019471e+00
   2.6793792e+00   6.1482820e+00   5.8813323e+00   3.1504791e+00   2.5441175e+00
   6.9903517e+00   9.6309922e+00   2.9282556e+00   2.2547076e+00   7.6386861e+00
   7.5468768e+00   3.9501838e+00   6.7759223e+00   7.8291397e+00   6.7180697e+00
   2.1730762e+00   8.6890332e+00   4.1707626e+00   1.8997615e+00   6.6581202e+00
   6.9499087e+00   4.0509315e+00   4.8455970e+00   6.8635080e+00   1.5169510e+00
   7.2835333e+00   6.2188766e+00   6.0814332e+00   3.1076956e+00   4.3349181e+00
   7.4070215e+00   2.5625968e+00   8.5626913e+00   3.6272957e+00   5.1285999e+00
   6.9489405e+00   4.0155480e+00   7.1368547e+00   6.7523978e+00   8.0146097e+00
   6.7292508e+00   2.0270236e+00   9.5216187e-02   3.4478129e+00   4.9176965e+00
   5.9329394e+00   2.6979147e+00   9.0974399e+00   2.4648150e+00   5.1201772e+00
   2.8401308e+00   1.9144000e+00   2.0597115e+00   2.2726710e+00   6.8240826e+00
   7.2915248e+00   8.1409045e+00   3.5591261e+00   6.5266713e+00   6.4751860e+00
   2.6215053e+00   2.2543048e+00   3.3837544e+00   3.9910493e+00   4.7857446e+00
   6.6963839e+00   7.7125727e+00   8.1253321e+00   7.8706703e+00   1.2090519e+00
   6.2043973e+00   9.6450372e+00   3.4626234e+00   3.2263486e+00   6.9313389e+00
   7.3929948e+00   1.9668234e+00   4.2330796e+00   7.6434337e+00   5.9009450e+00
   7.1255519e+00   9.4000026e+00   6.7525228e+00   7.0561949e+00   4.2601664e+00
   3.0756826e+00   2.8534476e+00   5.0766473e+00   3.5513850e+00   5.9917360e-01
   7.7597638e+00   7.2322658e+00   5.9092257e+00   3.0267301e+00   2.4226511e+00
   6.4666770e+00   7.0644252e+00   9.7349773e+00   3.7098383e+00   3.7886129e+00
   6.9743515e+00   2.1009828e+00   6.3064818e+00   2.6130152e+00   9.4701142e+00
   7.8080090e+00   8.8682161e+00   6.8385650e+00   6.9290269e+00   7.0848083e+00
   3.5950704e+00   6.3572181e-02   9.4324079e+00   3.4067553e+00   3.5468474e+00
   2.2938488e+00   9.4071235e+00   7.6852512e+00   3.7506430e+00   5.7646783e+00
   8.6022743e+00   4.4829347e+00   2.0916227e+00   2.8247492e+00   4.7487567e+00
   7.5935319e+00   8.5486138e+00   2.9525270e-01   3.3033981e+00   8.4829960e+00
   1.8206314e+00   7.0946644e+00   2.4425037e-01   2.1401217e+00   9.3618753e+00
   6.3341164e+00   2.5473104e+00   7.2867168e-01   2.7063716e+00   9.1570363e-01
   2.3726041e+00   2.6353634e+00   2.0595352e+00   2.9939199e+00   7.9740531e+00
   1.5888298e+00   1.6888960e+00   5.1632375e-01   2.7161637e+00   5.7244836e+00
   5.8259890e+00   2.0740807e+00   8.8417627e+00   6.8810148e+00   6.8749668e+00
   6.0443852e+00   5.1814849e+00   7.4997343e+00   2.5199788e+00   9.0059134e+00
   2.2124508e+00   9.2533807e+00   2.2215205e+00   2.7689277e+00   4.3706222e+00
   6.8277613e+00   8.2053235e+00   7.8765490e+00   7.8498108e+00   6.3420198e+00
   7.2862943e+00   6.0770096e+00   8.7553926e+00   3.9105977e+00   8.4462394e+00
   7.1063584e+00   9.1139170e+00   5.7843382e+00   6.4440312e+00   9.4064621e+00
   3.0914802e+00   5.4650773e+00   9.2062552e+00   4.1754562e+00   9.0370608e+00
   7.6266602e+00   7.6756274e+00   2.9845126e+00   7.8706262e+00   9.4367857e+00
   8.3090951e+00   3.3449157e+00   3.0084611e+00   3.3356377e+00   4.1408174e+00
   6.7227006e+00   4.5464883e+00   2.8837974e-01   2.7221357e+00   2.6334376e+00
   2.8363941e+00   4.4156721e+00   1.0544781e+00   3.0459875e+00   7.5801539e+00
   6.8494837e+00   9.6627742e+00   8.0026790e+00   4.4527518e+00   3.5518532e+00
   8.5817480e+00   9.5326146e+00   7.8274661e+00   1.6002565e+00   7.2490612e+00
   7.8699970e+00   1.9599449e+00   5.2076794e-01   7.6165943e+00   6.2348854e+00
   7.6219489e+00   8.5246129e+00   4.8600483e+00   3.0179371e+00   1.8228901e+00
   3.0751759e+00   6.5056776e+00   6.4834271e+00   3.5509694e+00   9.6459021e+00
   6.4147131e+00   4.5810577e+00   1.9062047e+00   5.6708216e+00   2.1418074e+00
   7.1875722e+00   8.3683916e+00   2.0663874e+00   7.0861581e+00   7.3013841e+00
   7.0048148e+00   3.4413069e+00   6.6841305e+00   2.7362265e+00   7.3081564e+00
   2.3938515e+00   9.5812746e-01   1.9071680e+00   2.3571196e+00   8.4388125e+00
   6.9191331e+00   7.0696625e+00   6.4611244e+00   7.3374033e+00   5.2817519e+00
   7.3289476e+00   1.9751532e+00   3.0301017e+00   2.8283545e+00   7.1070386e+00
   7.1765372e+00   4.7947603e+00   1.4700021e+00   3.3620734e+00   7.6507464e+00
   6.3442055e+00   9.2400097e+00   6.2768446e+00   8.0921440e+00   7.2712528e+00
   5.6576080e+00   5.1041167e+00   5.9430411e+00   7.0924917e+00   9.7814424e-01
   7.0401995e+00   9.9851176e+00   5.3296260e+00   6.6426258e+00   4.6794274e+00
   7.9392667e+00   6.0374727e+00   7.3343294e+00   2.4160286e+00   4.4926067e+00
   3.8130764e+00   8.5041370e+00   3.0152450e-01   2.5403253e+00   3.6521309e+00
   7.9618770e+00   1.8730256e+00   8.0694346e+00   2.3463745e+00   1.5138825e+00
   6.5462802e+00   6.7808993e+00   4.8341838e+00   6.6903741e+00   1.1869161e+00
   2.5686736e+00   2.9040877e+00   6.1991771e+00   3.0311270e+00   2.9643887e+00
   2.1112653e+00   5.3958012e+00   8.5662551e-02   2.8524482e+00   3.7315790e+00
   2.4168106e+00   1.5431258e+00   7.0358807e-01   3.0922901e+00   3.0178683e+00
   2.3800151e+00   9.4825009e-01   1.1491962e+00   3.2726035e+00   6.2008771e+00
   8.0114618e+00   8.0314216e+00   4.0460203e+00   6.9897800e+00   8.5782236e+00
   6.5844731e+00   8.1914052e+00   4.7019900e+00   7.2288210e+00   3.0587249e+00
   6.8557377e+00   8.7761290e+00   4.6486949e+00   3.9176187e+00   5.9974824e+00
   2.7174822e+00   9.3418243e+00   9.8230081e+00   3.3577715e+00   1.7664500e-01
   2.7005227e+00   6.3653335e+00   7.7728257e+00   3.0669898e+00   8.0483885e+00
   2.8756011e+00   1.3067767e-01   7.4490659e+00   3.9739780e+00   7.9360246e+00
   7.0376858e+00   3.9928911e+00   7.4474518e+00   7.8973737e+00   2.3346198e+00
   7.0585732e+00   1.5451875e+00   4.7180817e-01   6.9680469e+00   9.4596501e+00
   3.2850375e+00   2.4365972e+00   8.2143102e+00   3.0019863e+00   4.0890760e-01
   8.0274567e+00   2.7494314e+00   3.7178343e+00   3.3578036e+00   5.2892232e+00
   8.3574784e+00   5.4928544e+00   3.4758855e+00   7.8859530e+00   4.0932598e-01
   7.0123409e+00   8.4849025e-01   4.7160727e-01   7.1490443e+00   9.4179405e+00
   3.9793231e+00   5.3139025e+00   4.0622761e+00   3.2865257e+00   6.6178890e+00
   2.8443140e+00   2.9404742e+00   4.5185599e+00   2.7627420e+00   1.9549922e+00
   8.2203855e+00   6.6931489e+00   7.0680514e+00   5.7462797e+00   5.1788447e+00
   6.3293373e+00   5.1258586e+00   5.7798111e+00   2.2801027e+00   5.6369857e+00
   7.4833004e+00   8.1422776e+00   2.5584254e+00   6.7552726e+00   9.2161668e+00
   6.7611858e+00   8.2266419e+00   1.6888948e+00   2.5383482e+00   5.9318306e+00
   4.1763423e+00   5.2646944e+00   1.3120134e+00   2.7887400e+00   4.3295631e+00
   7.5143931e+00   1.1032105e+00   7.7210012e+00   7.1093486e+00   3.5739396e+00
   7.1293383e+00   5.0268802e+00   9.4507853e+00   7.5490124e+00   9.0261596e-01
   7.4529480e+00   3.1782373e+00   8.9998101e+00   8.1370667e+00   9.6552489e+00
   3.7774297e+00   1.9309852e+00   1.5850080e+00   2.6221191e+00   2.5537834e+00
   2.6570793e+00   3.8603605e+00   7.8949969e+00   2.5277401e+00   7.8827348e+00
   7.6753062e+00   7.4515672e+00   1.4124182e-02   2.4798180e+00   7.0272905e+00
   6.3634033e+00   7.5774433e-01   2.3953119e+00   7.8873067e+00   2.5484818e+00
   2.9326258e+00   7.1484540e+00   7.3951892e+00   3.3862872e+00   3.3860263e+00
   6.0316659e+00   4.2438511e+00   8.9645583e+00   3.9975875e+00   7.2087232e+00
   6.2472283e+00   5.2066591e+00   5.1664195e-01   6.3859180e+00   3.1151857e+00
   4.4120496e+00   4.3355699e+00   5.3979562e+00   4.0738869e+00   9.6930072e-01
   6.9565730e+00   4.8992253e+00   4.4736081e+00   6.4183291e+00   7.6902368e+00
   4.0051581e+00   1.0914122e+00   5.5954767e+00   3.7598970e+00   2.1959594e+00
   2.5642293e+00   7.9674490e+00   2.4594562e+00   3.0282572e+00   1.9396756e+00
   3.1489394e+00   5.1304760e+00   8.9702871e-01   1.9377096e+00   6.5518840e+00
   1.7839527e+00   4.2282460e+00   1.0428486e+00   1.6606888e+00   7.6597641e+00
   7.7055541e+00   7.4925411e+00   9.0238115e+00   4.1634652e+00   4.5994497e+00
   3.5578851e+00   3.6781232e+00   1.1008991e+00   2.8645339e+00   3.7924872e+00
   2.7863023e+00   1.9709994e+00   8.4115039e+00   2.9957787e+00   3.0849386e+00
   2.4302669e+00   5.5231427e+00   1.6403078e+00   4.0574380e+00   7.4659765e+00
   1.9949430e+00   8.2256828e-01   5.5431180e+00   2.3395535e+00   5.4807019e+00
   7.9762226e+00   2.1144119e+00   9.7226466e+00   2.4450940e+00   5.6910922e+00
   3.6356722e+00   7.6550496e-01   3.5468805e+00   4.1132589e+00   9.4261183e-01
   6.5978240e+00   4.4800656e+00   7.7761390e-01   7.1342678e+00   6.6155269e+00
   7.5970920e+00   9.9776081e+00   7.8916235e+00   2.6656557e+00   7.7312467e+00
   3.0015528e+00   9.5086022e+00   1.8704664e+00   3.5801240e+00   1.4935285e+00
   3.5402892e+00   6.7074266e+00   5.3534526e+00   3.4436172e+00   7.0698650e+00
   2.9862748e+00   7.1462941e-01   1.4248390e+00   3.0601014e+00   2.9303097e+00
   7.6284073e+00   1.9632723e+00   7.3011668e+00   7.1829212e+00   2.2867108e+00
   6.5255308e+00   6.1994271e+00   6.4008191e+00   3.4328015e+00   3.6726301e-01
   6.8212495e+00   5.8277510e+00   6.6766953e+00   2.8821650e+00   6.3011608e+00
   6.4002807e+00   5.9381182e+00   8.0885662e+00   7.0690230e+00   9.7035031e+00
   8.0808066e+00   9.2806986e-01   2.8430683e+00   2.2260223e+00   1.0573778e+00
   5.5464123e+00   9.7882747e+00   5.8183957e+00   7.2896535e+00   6.5287183e+00
   1.2902944e+00   3.7802406e-01   3.6124677e+00   2.0962301e+00   9.5395408e+00
   6.3755682e+00   9.4918008e+00   6.3491443e+00   6.6040097e+00   1.0472264e-01
   3.3206904e+00   6.7785481e+00   9.7357839e+00   2.0494014e+00   9.4421634e+00
   6.5228361e+00   7.1270033e+00   9.8963726e+00   3.1608736e+00   8.4444837e+00
   6.3681228e+00   6.6442040e+00   6.9075728e+00   2.2783312e+00   7.3089120e-01
   3.1328149e+00   2.6617047e+00   7.4235315e+00   3.9631897e+00   8.7551606e+00
   8.0855914e+00   1.7102218e+00   8.6124826e+00   2.9644495e+00   4.1421822e+00
   7.1114763e+00   5.4833978e+00   8.5273290e-01   2.3178221e+00   9.5563218e+00
   6.9544530e+00   8.8383075e+00   2.4353965e-01   8.3276353e+00   4.0692439e+00
   6.0646443e+00   9.6793573e+00   4.7088234e+00   6.4979092e+00   2.4963970e+00
   7.1761330e+00   7.0759264e+00   2.9872955e+00   3.6257950e+00   2.4706361e+00
   3.2704010e+00   3.6428490e+00   1.0607871e+00   3.7027800e+00   6.6855295e+00
   7.1654467e+00   3.0060095e+00   6.0890610e+00   7.2551733e+00   2.4975099e+00
   7.4753496e+00   6.2108057e+00   8.5343463e+00   6.9882551e+00   5.0252968e+00
   2.2847433e+00   7.7954085e+00   8.3790975e+00   3.4737715e+00   9.5170463e+00
   6.5236007e+00   5.0433276e+00   3.9461837e+00   4.7486905e+00   5.4222227e+00
   5.2917884e+00   5.3741801e-01   6.8336364e+00   6.5150083e+00   1.2980861e+00
   2.9225837e+00   3.4001124e+00   7.2781340e+00   2.2021647e+00   6.4180550e+00
   7.4699195e+00   1.2360529e+00   6.4033866e+00   6.5703946e+00   8.4582939e+00
   7.2340193e+00   1.7569341e+00   3.1619974e+00   3.0110800e+00   9.9834934e+00
   6.9303282e+00   7.9924356e+00   2.4825658e+00   7.1725499e+00   3.0606378e+00
   6.3196666e+00   1.2975456e+00   8.7115562e+00   6.9342915e+00   9.4648249e+00
   3.2172993e+00   1.2511190e+00   8.6435052e+00   2.9940413e+00   7.8571407e+00
   6.4982194e+00   7.1736532e+00   3.4231727e+00   2.9330094e+00   7.7211481e+00
   6.6891974e+00   6.7282107e+00   9.9123905e+00   6.9435625e+00   3.8859658e+00
   6.6865714e+00   1.9105842e+00   6.5167407e+00   3.4605199e+00   3.6283118e+00
   6.0658452e+00   8.1812616e+00   9.6206163e-01   4.1802907e+00   5.7437690e+00
   7.1890426e+00   2.1735872e+00   4.3944662e+00   3.0617512e+00   4.5035408e+00
   8.4217242e+00   3.8296853e+00   2.3782443e+00   8.0477880e+00   2.2320014e+00