199
1 58 1.52028218608 MainRoad
1 46 1.62539519246 MainRoad
3 22 1.05415713697 MainRoad
3 23 0.947809586581 MainRoad
7 42 1.11035310189 MainRoad
13 23 0.473722065389 MainRoad
13 14 0.634868674863 MainRoad
13 52 1.34427508228 MainRoad
14 15 0.564361511827 MainRoad
15 41 0.950728175741 MainRoad
15 29 1.28294924365 MainRoad
22 34 0.408563561143 MainRoad
22 23 0.543293257399 MainRoad
22 65 0.946375066182 MainRoad
23 67 1.17416195431 MainRoad
29 41 0.744167654069 MainRoad
29 42 0.708480554455 MainRoad
29 55 0.565069116291 MainRoad
34 46 0.901393360236 MainRoad
34 63 0.843215773288 MainRoad
41 52 0.524380293596 MainRoad
41 87 1.0380629674 MainRoad
42 72 0.575532517893 MainRoad
46 58 0.794045182685 MainRoad
46 78 0.810218978102 MainRoad
52 67 0.905374343166 MainRoad
52 86 0.851546749378 MainRoad
55 89 0.721594778936 MainRoad
58 74 0.635874939409 MainRoad
58 77 0.836140865345 MainRoad
63 79 0.527571124076 MainRoad
63 65 0.71577522173 MainRoad
63 100 0.726194838138 MainRoad
65 67 0.727660715362 MainRoad
65 82 0.390152642771 MainRoad
67 82 0.800826734628 MainRoad
67 102 0.517373580925 MainRoad
72 105 0.747560723289 MainRoad
72 107 0.931622513263 MainRoad
74 94 0.312081143452 MainRoad
77 94 0.974855708177 MainRoad
77 78 0.43090429615 MainRoad
77 124 1.19172739457 MainRoad
78 79 0.274863801223 MainRoad
82 100 0.490573944512 MainRoad
82 140 1.25286182069 MainRoad
86 87 0.477195886969 MainRoad
86 102 0.861963135222 MainRoad
86 116 0.715365707358 MainRoad
87 105 0.707539901667 MainRoad
89 105 0.332016508483 MainRoad
93 94 0.455195965771 MainRoad
100 111 0.508335338583 MainRoad
102 127 0.884055819078 MainRoad
105 107 0.800427452535 MainRoad
105 108 0.466811005995 MainRoad
107 161 1.66388138161 MainRoad
108 116 1.0454277475 MainRoad
108 135 0.605883385969 MainRoad
111 124 0.767951205671 MainRoad
116 127 0.631671595221 MainRoad
116 142 0.854045791432 MainRoad
122 144 0.862982424398 MainRoad
122 123 0.894808345736 MainRoad
123 144 1.61658646645 MainRoad
123 165 0.980957809864 MainRoad
123 124 0.520505006891 MainRoad
124 153 0.827783569552 MainRoad
124 153 0.827783569552 MainRoad
127 133 0.516136336633 MainRoad
128 199 1.46233366051 MainRoad
128 187 1.04218649895 MainRoad
133 140 0.547639868085 MainRoad
133 157 0.653274476942 MainRoad
135 128 0.757156349191 MainRoad
135 161 0.859858971644 MainRoad
140 154 0.597337228104 MainRoad
140 156 0.631165312803 MainRoad
142 157 1.0871012466 MainRoad
142 128 0.470392510532 MainRoad
144 163 0.547201892379 MainRoad
153 154 0.64088256319 MainRoad
153 180 0.990981766334 MainRoad
153 184 1.21637468394 MainRoad
154 156 0.64663458658 MainRoad
156 157 0.329196271059 MainRoad
156 184 0.64930689654 MainRoad
157 185 0.82742949261 MainRoad
161 128 0.943414773476 MainRoad
161 199 1.47504866175 MainRoad
163 176 0.790076445415 MainRoad
163 191 0.781056005804 MainRoad
165 191 0.814024076016 MainRoad
165 180 0.283921902756 MainRoad
176 190 0.90933789795 MainRoad
180 184 1.65772192605 MainRoad
180 190 1.36123069745 MainRoad
184 185 0.454493140907 MainRoad
185 187 0.956455084981 MainRoad
185 199 1.88733775346 MainRoad
187 199 1.00406759711 MainRoad
190 191 0.617727009975 MainRoad
1 8 0.480256471521 LocalRoad
1 9 0.558954444353 LocalRoad
2 20 0.949606703012 LocalRoad
2 10 0.863815493666 LocalRoad
3 11 0.481807119145 LocalRoad
3 12 0.56887497134 LocalRoad
3 4 0.57779612926 LocalRoad
4 13 0.598584652075 LocalRoad
5 15 0.540441820742 LocalRoad
5 16 0.424739752583 LocalRoad
6 29 0.693584308755 LocalRoad
6 7 0.691699722072 LocalRoad
7 17 0.675488192774 LocalRoad
8 18 0.320669819511 LocalRoad
8 19 0.387136660034 LocalRoad
9 19 0.412909069306 LocalRoad
9 20 0.347003337927 LocalRoad
10 11 0.354071031697 LocalRoad
10 21 0.689732744613 LocalRoad
10 34 0.651641288195 LocalRoad
11 22 0.576041449838 LocalRoad
12 23 0.379632222597 LocalRoad
13 23 0.473722065389 LocalRoad
13 14 0.634868674863 LocalRoad
13 24 0.459622233326 LocalRoad
14 15 0.564361511827 LocalRoad
14 25 0.532896707984 LocalRoad
15 16 0.702248961799 LocalRoad
15 26 0.249886755746 LocalRoad
15 28 0.556326978461 LocalRoad
16 28 0.366783781793 LocalRoad
16 29 0.587262455051 LocalRoad
17 29 0.608471986755 LocalRoad
17 30 0.447642280481 LocalRoad
18 31 0.286164901955 LocalRoad
18 43 0.526459063365 LocalRoad
19 32 0.466354243649 LocalRoad
20 33 0.459622233326 LocalRoad
21 33 0.360113763023 LocalRoad
22 34 0.408563561143 LocalRoad
22 23 0.543293257399 LocalRoad
22 35 0.323234887963 LocalRoad
23 37 0.316909391914 LocalRoad
24 37 0.640341962028 LocalRoad
24 38 0.373049119392 LocalRoad
25 38 0.285512514096 LocalRoad
25 39 0.253380364346 LocalRoad
26 39 0.562233355085 LocalRoad
26 27 0.24482496104 LocalRoad
27 28 0.274863801223 LocalRoad
27 40 0.448652828048 LocalRoad
28 41 0.411098623075 LocalRoad
29 41 0.744167654069 LocalRoad
29 42 0.708480554455 LocalRoad
30 42 0.457530918079 LocalRoad
31 43 0.429913994821 LocalRoad
31 44 0.568125218169 LocalRoad
32 44 0.41342488346 LocalRoad
32 33 0.582708552154 LocalRoad
32 45 0.421086280346 LocalRoad
33 46 0.347999925286 LocalRoad
34 47 0.444357116941 LocalRoad
34 48 0.399330784426 LocalRoad
35 36 0.204900275148 LocalRoad
35 48 0.457297959348 LocalRoad
35 65 0.625569163827 LocalRoad
36 37 0.443997264985 LocalRoad
36 49 0.313953476899 LocalRoad
37 50 0.426367353767 LocalRoad
38 50 0.581381248226 LocalRoad
38 51 0.299625923384 LocalRoad
39 51 0.365838367479 LocalRoad
39 52 0.315899051217 LocalRoad
40 52 0.293880615171 LocalRoad
40 41 0.230823186874 LocalRoad
40 53 0.292153227682 LocalRoad
41 54 0.29142284347 LocalRoad
42 56 0.401459854015 LocalRoad
42 72 0.575532517893 LocalRoad
43 57 0.469712424619 LocalRoad
44 58 0.268589335664 LocalRoad
45 58 0.378578174595 LocalRoad
45 60 0.248175182482 LocalRoad
45 59 0.324140194324 LocalRoad
45 46 0.415481736372 LocalRoad
46 47 0.45723970112 LocalRoad
46 61 0.473328258011 LocalRoad
47 62 0.511157413139 LocalRoad
48 62 0.61820120643 LocalRoad
48 63 0.448177560088 LocalRoad
49 50 0.460837784457 LocalRoad
49 66 0.287650518179 LocalRoad
51 67 0.547980273843 LocalRoad
51 52 0.387961526012 LocalRoad
51 68 0.364817489039 LocalRoad
52 69 0.363280792354 LocalRoad
53 54 0.276987824248 LocalRoad
53 69 0.245368413343 LocalRoad
54 55 0.642708916166 LocalRoad
54 70 0.350440989318 LocalRoad
55 71 0.319254419396 LocalRoad
56 91 0.534643505905 LocalRoad
57 58 0.56209119148 LocalRoad
57 73 0.272527805877 LocalRoad
58 59 0.217758158981 LocalRoad
58 74 0.635874939409 LocalRoad
58 75 0.393687198837 LocalRoad
59 75 0.345849861036 LocalRoad
59 76 0.294242983515 LocalRoad
60 61 0.448118116151 LocalRoad
60 76 0.275154406204 LocalRoad
61 62 0.270860953508 LocalRoad
61 76 0.563511213595 LocalRoad
61 78 0.337033470967 LocalRoad
62 79 0.353167019077 LocalRoad
63 64 0.372191205372 LocalRoad
63 80 0.286257978849 LocalRoad
63 79 0.527571124076 LocalRoad
64 65 0.343608826159 LocalRoad
64 81 0.50073205507 LocalRoad
65 66 0.209019285595 LocalRoad
65 82 0.390152642771 LocalRoad
66 67 0.51871059867 LocalRoad
66 82 0.425178565816 LocalRoad
67 68 0.533296480514 LocalRoad
67 84 0.346772949495 LocalRoad
68 69 0.403775669662 LocalRoad
68 85 0.313953476899 LocalRoad
69 86 0.494468308159 LocalRoad
70 71 0.591421077342 LocalRoad
70 87 0.409410325909 LocalRoad
71 72 0.474508699654 LocalRoad
71 89 0.403115365591 LocalRoad
72 91 0.460779973784 LocalRoad
72 90 0.421212789672 LocalRoad
73 74 0.3252068527 LocalRoad
73 92 0.49209208148 LocalRoad
74 92 0.470788773623 LocalRoad
74 75 0.36114793801 LocalRoad
75 94 0.490519638435 LocalRoad
76 77 0.325534352131 LocalRoad
77 78 0.43090429615 LocalRoad
77 95 0.730072978105 LocalRoad
77 96 0.476637305615 LocalRoad
78 79 0.274863801223 LocalRoad
78 97 0.387892854178 LocalRoad
79 98 0.351124480899 LocalRoad
80 99 0.224860172274 LocalRoad
80 100 0.467381331199 LocalRoad
81 82 0.236861032695 LocalRoad
81 100 0.259919617734 LocalRoad
82 101 0.209019285595 LocalRoad
83 101 0.495920810262 LocalRoad
83 102 0.302457654819 LocalRoad
84 85 0.267695194466 LocalRoad
85 103 0.153978270874 LocalRoad
86 103 0.450075620714 LocalRoad
86 104 0.240875912409 LocalRoad
87 88 0.182919183739 LocalRoad
88 117 0.77540788783 LocalRoad
88 89 0.330085227871 LocalRoad
89 105 0.332016508483 LocalRoad
90 105 0.326841068281 LocalRoad
90 91 0.552289998191 LocalRoad
91 105 0.774204504949 LocalRoad
91 107 0.522548213988 LocalRoad
92 93 0.199231300204 LocalRoad
93 94 0.455195965771 LocalRoad
94 95 0.24482496104 LocalRoad
95 122 1.09685954333 LocalRoad
96 97 0.260840414383 LocalRoad
96 109 0.495598399906 LocalRoad
97 98 0.276987824248 LocalRoad
97 109 0.437286592723 LocalRoad
98 99 0.350440989318 LocalRoad
98 110 0.360631221227 LocalRoad
99 110 0.226630287537 LocalRoad
99 112 0.35474752935 LocalRoad
100 101 0.468576754619 LocalRoad
100 112 0.334255566186 LocalRoad
100 113 0.301752213264 LocalRoad
101 114 0.303600501359 LocalRoad
102 103 0.41194017692 LocalRoad
102 115 0.31079808549 LocalRoad
104 116 0.474508699654 LocalRoad
105 106 0.419628681805 LocalRoad
105 108 0.466811005995 LocalRoad
106 107 0.38208035995 LocalRoad
107 119 0.660735152271 LocalRoad
108 117 0.487304868043 LocalRoad
108 119 0.754512946443 LocalRoad
109 110 0.536483936497 LocalRoad
109 124 0.318000305267 LocalRoad
110 111 0.202940712036 LocalRoad
111 112 0.174114750976 LocalRoad
111 124 0.767951205671 LocalRoad
112 125 0.336479724719 LocalRoad
113 114 0.443276684692 LocalRoad
113 125 0.381033084267 LocalRoad
114 115 0.500306262429 LocalRoad
114 126 0.270171613479 LocalRoad
114 131 0.803748742538 LocalRoad
114 132 0.387480567591 LocalRoad
115 127 0.625952308745 LocalRoad
115 126 0.44134938563 LocalRoad
116 117 0.6093906997 LocalRoad
116 118 0.350364963504 LocalRoad
116 127 0.631671595221 LocalRoad
117 129 0.224860172274 LocalRoad
118 129 0.529637370326 LocalRoad
118 134 0.378718883827 LocalRoad
118 142 0.503702525521 LocalRoad
119 136 0.543538370544 LocalRoad
120 121 0.26287508183 LocalRoad
120 144 0.643206112411 LocalRoad
121 122 0.374047532126 LocalRoad
121 145 0.623906150259 LocalRoad
122 123 0.894808345736 LocalRoad
122 146 0.615913083496 LocalRoad
123 124 0.520505006891 LocalRoad
123 137 0.376744172279 LocalRoad
123 148 0.605883385969 LocalRoad
123 149 0.51871059867 LocalRoad
124 138 0.321913533886 LocalRoad
124 130 0.796824910293 LocalRoad
124 138 0.321913533886 LocalRoad
125 131 0.18837208614 LocalRoad
126 127 0.600584012576 LocalRoad
126 140 0.644199353685 LocalRoad
127 133 0.516136336633 LocalRoad
127 134 0.377662286723 LocalRoad
128 188 0.877431772275 LocalRoad
129 135 0.259919617734 LocalRoad
129 142 0.689732744613 LocalRoad
129 143 0.380683352129 LocalRoad
130 131 0.255370155979 LocalRoad
130 139 0.252009875936 LocalRoad
132 140 0.387136660034 LocalRoad
133 141 0.233234238083 LocalRoad
133 140 0.547639868085 LocalRoad
134 141 0.372191205372 LocalRoad
134 142 0.464522702969 LocalRoad
135 136 0.919244466653 LocalRoad
135 143 0.320170981014 LocalRoad
135 161 0.859858971644 LocalRoad
136 162 0.480700024118 LocalRoad
137 147 0.428424250827 LocalRoad
138 150 0.353393239034 LocalRoad
138 152 0.237647016001 LocalRoad
139 140 0.883663997105 LocalRoad
139 154 0.424677027965 LocalRoad
139 153 0.44134938563 LocalRoad
140 154 0.597337228104 LocalRoad
140 156 0.631165312803 LocalRoad
141 142 0.611136808436 LocalRoad
141 158 0.385688899668 LocalRoad
142 143 0.507023503265 LocalRoad
142 128 0.470392510532 LocalRoad
142 158 0.488233328706 LocalRoad
143 128 0.450667125268 LocalRoad
143 160 0.508335338583 LocalRoad
144 145 0.227334474488 LocalRoad
144 177 0.421149539759 LocalRoad
145 146 0.367581848526 LocalRoad
146 147 0.320918947985 LocalRoad
146 163 0.161576230812 LocalRoad
147 164 0.240986482032 LocalRoad
148 149 0.355197811988 LocalRoad
148 164 0.418357076815 LocalRoad
149 150 0.347003337927 LocalRoad
149 165 0.462395940576 LocalRoad
150 151 0.212181632901 LocalRoad
151 152 0.356470524002 LocalRoad
151 165 0.536781790098 LocalRoad
151 166 0.338689277609 LocalRoad
152 153 0.270171613479 LocalRoad
153 154 0.64088256319 LocalRoad
153 166 0.290690624113 LocalRoad
153 167 0.55421603716 LocalRoad
154 155 0.346080863975 LocalRoad
155 167 0.415609951693 LocalRoad
155 168 0.387892854178 LocalRoad
155 156 0.408759124088 LocalRoad
156 157 0.329196271059 LocalRoad
156 169 0.314631562953 LocalRoad
157 158 0.603195355945 LocalRoad
157 170 0.220915999276 LocalRoad
158 159 0.739535301415 LocalRoad
159 170 0.715253980928 LocalRoad
159 172 0.522548213988 LocalRoad
159 186 0.4234205843 LocalRoad
159 198 0.680752326929 LocalRoad
160 161 0.569389853964 LocalRoad
160 173 0.589616584723 LocalRoad
160 128 0.378014813904 LocalRoad
161 174 0.434659122072 LocalRoad
162 175 0.602134480982 LocalRoad
163 177 0.461704075938 LocalRoad
164 178 0.271548543617 LocalRoad
164 179 0.560905093531 LocalRoad
165 179 0.360631221227 LocalRoad
165 180 0.283921902756 LocalRoad
166 181 0.401526205532 LocalRoad
166 183 0.437286592723 LocalRoad
167 168 0.273308689443 LocalRoad
167 183 0.240986482032 LocalRoad
168 184 0.389879426601 LocalRoad
169 184 0.360631221227 LocalRoad
170 185 0.607288742188 LocalRoad
171 173 0.595192704581 LocalRoad
171 175 0.879069735318 LocalRoad
171 199 0.526054094795 LocalRoad
172 187 0.577196444481 LocalRoad
172 128 0.466982176693 LocalRoad
173 174 0.674145978921 LocalRoad
173 188 0.404895715281 LocalRoad
174 175 0.409345252345 LocalRoad
176 177 0.350744927788 LocalRoad
176 189 0.53836755955 LocalRoad
178 189 0.779519668604 LocalRoad
178 191 0.498118362579 LocalRoad
179 191 0.454668948975 LocalRoad
180 181 0.389537636909 LocalRoad
180 193 0.388784641915 LocalRoad
181 193 0.34523309753 LocalRoad
181 182 0.16660893738 LocalRoad
182 183 0.447225508965 LocalRoad
182 195 0.402586342573 LocalRoad
183 196 0.379351429494 LocalRoad
184 196 0.545055611755 LocalRoad
184 185 0.454493140907 LocalRoad
184 197 0.582571385087 LocalRoad
185 186 0.447404172868 LocalRoad
186 198 0.520300244882 LocalRoad
187 188 0.76262527805 LocalRoad
187 198 0.463719129176 LocalRoad
188 199 0.586944831912 LocalRoad
189 190 0.380683352129 LocalRoad
190 191 0.617727009975 LocalRoad
190 192 0.530592170668 LocalRoad
191 192 0.431213298912 LocalRoad
192 194 1.1299732162 LocalRoad
193 194 0.156211201161 LocalRoad
194 195 0.284765097856 LocalRoad
195 197 0.520095402258 LocalRoad
196 197 0.295778096195 LocalRoad
198 199 1.09172291187 LocalRoad
1 46 1.62539519246 Underground
13 46 2.30505586491 Underground
13 67 1.22922828818 Underground
13 89 2.7883784914 Underground
46 74 1.38341870068 Underground
46 79 0.89197558148 Underground
67 79 1.9706677434 Underground
67 111 1.79345308638 Underground
67 89 1.99282104393 Underground
79 93 2.13454670282 Underground
79 111 0.884748617489 Underground
89 140 2.68906536053 Underground
89 128 1.98739970287 Underground
111 153 1.11561887151 Underground
111 163 2.46920400238 Underground
128 185 1.73323469543 Underground
140 153 1.22297086372 Underground
140 128 1.76613679283 Underground
153 163 1.91883358286 Underground
153 185 1.66738400745 Underground